TFT9_Augment_Commander_MediumForge,1041,0.10854947166186361,0.49471661863592636,4.571565802113358,4.589098532494764,4.55673758865249,0.0,477,564,0
TFT9_Augment_StrategistTrait,24,0.0,0.5833333333333333,4.333333333333333,3.0,4.454545454545454,4.454545454545454,2,11,11
TFT6_Augment_Traitless3,48,0.10416666666666667,0.5000000000000001,4.458333333333332,4.7073170731707314,3.0,0.0,41,7,0
TFT9_Augment_SocialDistancing2,360,0.12499999999999996,0.5027777777777782,4.438888888888891,4.28723404255319,4.43037974683544,4.583333333333336,94,158,108
TFT9_Augment_Formation2,396,0.15656565656565644,0.5631313131313124,4.181818181818183,3.977272727272727,4.175141242937859,4.328244274809162,88,177,131
TFT9_Augment_SorcererEmblem2,107,0.18691588785046728,0.560747663551402,3.990654205607476,4.127272727272726,3.5757575757575757,4.315789473684211,55,33,19
TFT9_Augment_GiftsFromTheFallen,489,0.1595092024539877,0.5276073619631895,4.335378323108387,4.333333333333333,4.028436018957347,4.670103092783502,84,211,194
TFT9_Augment_JeweledLotus,239,0.14225941422594135,0.49790794979079533,4.527196652719663,4.948717948717949,4.482142857142855,4.397727272727272,39,112,88
TFT9_Augment_GreaterJeweledLotus,225,0.1333333333333333,0.5022222222222223,4.493333333333334,4.706896551724138,4.499999999999997,4.320000000000001,58,92,75
TFT9_Augment_Idealism,200,0.16000000000000006,0.5050000000000001,4.3599999999999985,4.421052631578948,4.2388059701492535,0.0,133,67,0
TFT9_Augment_FreljordGlacialBreeze,165,0.07878787878787878,0.5515151515151516,4.284848484848489,4.2571428571428545,4.049999999999999,4.499999999999998,35,60,70
TFT9_Augment_DeadeyeEmblem2,55,0.054545454545454536,0.41818181818181815,4.963636363636365,5.296296296296297,4.7368421052631575,4.444444444444445,27,19,9
TFT9_Augment_DeadeyeSuppressingFire,125,0.07199999999999998,0.408,4.944,5.368421052631579,4.911111111111111,4.595238095238095,38,45,42
TFT9_Augment_StarterKit,21,0.047619047619047616,0.47619047619047616,4.904761904761905,4.904761904761905,0.0,0.0,21,0,0
TFT9_Augment_Martyr,132,0.1893939393939394,0.5530303030303029,4.166666666666667,4.066666666666666,4.149253731343282,4.220000000000001,15,67,50
TFT9_Augment_ChallengerEmblem,91,0.13186813186813182,0.6043956043956041,4.1208791208791204,4.2105263157894735,4.136363636363638,4.0357142857142865,19,44,28
TFT9_Augment_PhreakyFriday,42,0.07142857142857142,0.4523809523809524,4.761904761904764,4.761904761904764,0.0,0.0,42,0,0
TFT9_Augment_CapriciousForge,128,0.11718749999999997,0.4609375,4.578125,3.8125,4.965517241379311,4.388888888888889,16,58,54
TFT9_Augment_ItPaysToLearnII,246,0.22357723577235772,0.5203252032520327,4.443089430894307,0.0,4.230769230769229,4.737864077669904,0,143,103
TFT9_Augment_AllThatShimmers,262,0.17938931297709923,0.5801526717557249,4.106870229007634,4.000000000000001,5.166666666666667,0.0,238,24,0
TFT6_Augment_MaxLevel10,204,0.25980392156862736,0.5147058823529411,4.215686274509804,4.209876543209877,4.470588235294119,3.6578947368421053,81,85,38
TFT9_Augment_ACutAbove,265,0.11320754716981138,0.4716981132075473,4.520754716981131,4.469483568075119,4.730769230769232,0.0,213,52,0
TFT9_Augment_GiantGrabBag,31,0.03225806451612903,0.41935483870967744,4.870967741935484,4.7894736842105265,5.0,0.0,19,12,0
TFT9_Augment_KnowYourEnemy,412,0.14563106796116496,0.5582524271844655,4.179611650485437,4.43243243243243,4.03,4.260869565217392,74,200,138
TFT9_Augment_Commander_LargeForge,341,0.08211143695014667,0.4809384164222874,4.656891495601172,4.840206185567007,4.414965986394556,0.0,194,147,0
TFT6_Augment_RadiantRelics,148,0.11486486486486491,0.46621621621621623,4.74324324324324,4.632653061224491,4.842105263157893,4.7380952380952355,49,57,42
TFT9_Augment_CyberneticBulk2,138,0.036231884057971016,0.463768115942029,4.688405797101449,5.1875,4.6268656716417915,4.618181818181818,16,67,55
TFT9_Augment_EscortQuest,31,0.2580645161290323,0.5806451612903226,3.838709677419355,3.7777777777777777,4.25,0.0,27,4,0
TFT9_Augment_OneHundredDuckSizedHorses,40,0.05,0.5750000000000001,4.250000000000002,4.200000000000001,2.8461538461538463,5.833333333333333,15,13,12
TFT6_Augment_RichGetRicher,22,0.0,0.45454545454545453,5.090909090909091,5.090909090909091,0.0,0.0,22,0,0
TFT9_Augment_TransfusionPlusPlus,116,0.13793103448275862,0.525862068965517,4.258620689655171,4.17857142857143,4.333333333333332,0.0,56,60,0
TFT9_Augment_Commander_MediumForgePlus,890,0.08089887640449443,0.45955056179775267,4.748314606741573,0.0,4.8160377358490525,4.686695278969955,0,424,466
TFT9_Augment_CyberneticBulk3,113,0.09734513274336284,0.5663716814159292,4.318584070796456,4.241379310344827,4.4375,4.288461538461539,29,32,52
TFT9_Augment_YouHaveMySword,299,0.10367892976588629,0.5250836120401341,4.354515050167217,4.114285714285716,4.3738317757009355,4.620689655172413,105,107,87
TFT9_Augment_YouHaveMyBow,220,0.1,0.44090909090909086,4.781818181818182,4.9571428571428555,4.651685393258428,4.7704918032786905,70,89,61
TFT9_Augment_PandorasItems2,55,0.09090909090909091,0.43636363636363634,4.890909090909091,4.769230769230769,5.04,4.764705882352941,13,25,17
TFT9_Augment_BigGrabBag,58,0.08620689655172414,0.5689655172413792,4.413793103448278,4.620689655172414,4.206896551724136,0.0,29,29,0
TFT9_Augment_LongDistanceRelationship2,680,0.11470588235294117,0.5308823529411761,4.373529411764704,4.4125000000000005,4.3787375415282375,4.337899543378995,160,301,219
TFT9_Augment_Commander_Experience2,67,0.11940298507462686,0.40298507462686567,5.014925373134328,5.216216216216217,4.766666666666667,0.0,37,30,0
TFT9_Augment_BastionMorningLight,31,0.0967741935483871,0.5806451612903226,4.161290322580645,2.8333333333333335,4.875,4.294117647058823,6,8,17
TFT9_Augment_MarksmanEmblem,66,0.10606060606060604,0.46969696969696967,4.712121212121212,5.8,4.545454545454546,4.5,10,22,34
TFT9_Augment_SorcererEmblem,171,0.15204678362573104,0.5321637426900585,4.239766081871346,4.338709677419354,4.324324324324325,3.8857142857142857,62,74,35
TFT9_Augment_HealingOrbsII,172,0.13953488372093031,0.5174418604651166,4.395348837209302,4.481481481481482,4.164179104477614,4.564102564102564,27,67,78
TFT9_Augment_TransfusionPlus,123,0.11382113821138212,0.5121951219512194,4.569105691056913,4.157894736842105,4.924242424242424,0.0,57,66,0
TFT9_Augment_ChallengerDefensiveDash,36,0.027777777777777776,0.5277777777777778,4.638888888888889,4.166666666666667,5.153846153846154,4.411764705882352,6,13,17
TFT7_Augment_Consistency,27,0.1111111111111111,0.2962962962962963,5.333333333333333,5.333333333333333,0.0,0.0,27,0,0
TFT9_Augment_ZaunEmblem,126,0.134920634920635,0.4365079365079365,4.817460317460319,5.162790697674419,5.318181818181817,3.871794871794872,43,44,39
TFT9_Augment_MediumEndShopping,542,0.1900369003690036,0.5036900369003693,4.452029520295205,4.453453453453454,4.422680412371134,4.8,333,194,15
TFT9_Augment_CyberneticLeech1,133,0.12781954887218047,0.5639097744360898,4.180451127819549,4.3076923076923075,4.016129032258065,4.368421052631579,52,62,19
TFT9_Augment_CyberneticLeech2,221,0.17647058823529413,0.5022624434389141,4.2579185520362,4.79310344827586,4.363636363636363,4.019230769230772,29,88,104
TFT6_Augment_TinyTitans,143,0.10489510489510494,0.5174825174825173,4.4825174825174825,4.276923076923078,4.653846153846154,0.0,65,78,0
TFT9_Augment_GunnerSpiritOfTheDuelist,59,0.01694915254237288,0.3559322033898305,5.3559322033898304,4.714285714285714,5.4,5.633333333333334,14,15,30
TFT9_Augment_ZaunTrait,76,0.1710526315789474,0.5394736842105263,4.3815789473684195,4.722222222222223,3.942857142857143,5.0,36,35,5
TFT9_Augment_Commander_SmallForge,660,0.10454545454545454,0.4999999999999995,4.472727272727273,4.548192771084337,4.396341463414637,0.0,332,328,0
TFT9_Augment_CombatCaster,136,0.1691176470588236,0.5441176470588236,4.1617647058823515,4.3599999999999985,3.8,4.428571428571429,25,55,56
TFT9_Augment_SorcererTrait,156,0.11538461538461539,0.5256410256410255,4.3397435897435885,4.259615384615388,4.638297872340426,3.2,104,47,5
TFT6_Augment_GachaAddict,147,0.09523809523809525,0.38775510204081626,4.931972789115642,4.721311475409836,4.803921568627451,5.485714285714286,61,51,35
TFT9_Augment_SocialDistancing,192,0.10416666666666667,0.5624999999999999,4.28125,4.127659574468082,4.488095238095239,4.071428571428572,94,84,14
TFT9_Augment_ShadowIslesEmblem2,47,0.0851063829787234,0.6808510638297871,4.0638297872340425,3.8285714285714287,5.142857142857143,4.2,35,7,5
TFT9_Augment_ShadowIslesEmblem,55,0.1454545454545454,0.5818181818181817,3.909090909090909,3.5789473684210527,3.7777777777777777,4.3888888888888875,19,18,18
TFT9_Augment_CustomerIsAlwaysRight,76,0.05263157894736842,0.48684210526315763,4.842105263157897,4.842105263157897,0.0,0.0,76,0,0
TFT9_Augment_Contagion,258,0.13953488372093026,0.46899224806201545,4.651162790697675,4.051282051282052,4.778761061946902,4.735849056603775,39,113,106
TFT9_Augment_Inconsistency,153,0.0980392156862745,0.5032679738562092,4.516339869281048,4.516339869281048,0.0,0.0,153,0,0
TFT6_Augment_PortableForge,180,0.13333333333333347,0.505555555555556,4.455555555555554,4.186440677966102,4.433333333333334,4.737704918032787,59,60,61
TFT9_Augment_TonsOfStats,443,0.13318284424379231,0.5462753950338594,4.279909706546266,4.311999999999998,4.405555555555557,4.0869565217391335,125,180,138
TFT9_Augment_SorcererOverchargedManafont,131,0.09923664122137404,0.450381679389313,4.656488549618324,4.634146341463416,4.350877192982455,5.212121212121212,41,57,33
TFT9_Augment_YoungAndWildAndFree,117,0.11965811965811966,0.5641025641025639,4.222222222222223,4.229729729729732,4.209302325581393,0.0,74,43,0
TFT9_Augment_TargonStaffOfFlowingWaters,49,0.10204081632653061,0.4489795918367347,4.918367346938775,4.571428571428572,5.4,4.8,14,15,20
TFT9_Augment_BuildingACollectionPlus,25,0.04,0.44,4.76,4.76,0.0,0.0,25,0,0
TFT9_Augment_ImpenetrableBulwark,36,0.1111111111111111,0.4166666666666667,4.777777777777778,4.5,5.117647058823529,4.444444444444445,10,17,9
TFT9_Augment_BruiserEmblem,35,0.17142857142857143,0.5142857142857143,4.314285714285714,4.578947368421054,3.6,4.666666666666667,19,10,6
TFT9_Augment_CyberneticLeech3,138,0.15217391304347827,0.5144927536231886,4.543478260869565,4.515151515151516,4.2745098039215685,4.814814814814815,33,51,54
TFT9_Augment_EnduranceTraining,10,0.1,0.3,6.0,6.0,0.0,0.0,10,0,0
TFT9_Augment_GargantuanResolve,57,0.17543859649122806,0.5263157894736843,4.2280701754385985,4.195121951219513,4.3125,0.0,41,16,0
TFT9_Augment_KassadinCarry,90,0.13333333333333336,0.4777777777777778,4.755555555555555,4.7126436781609184,6.0,0.0,87,3,0
TFT9_Augment_NoxusEmblem2,39,0.1282051282051282,0.7692307692307693,3.2564102564102564,3.4583333333333335,2.888888888888889,3.0,24,9,6
TFT7_Augment_PandorasBench,78,0.19230769230769232,0.5256410256410254,4.525641025641027,3.902439024390244,5.114285714285714,7.0,41,35,2
TFT9_Augment_BruiserTrait,30,0.03333333333333333,0.36666666666666664,5.2,5.045454545454546,6.142857142857143,2.0,22,7,1
TFT9_Augment_FreljordTrait2,61,0.03278688524590163,0.4918032786885247,4.786885245901641,4.583333333333333,4.85,4.827586206896552,12,20,29
TFT9_Augment_TinyGrabBag,30,0.2,0.4666666666666667,4.300000000000001,4.5,4.125,0.0,14,16,0
TFT9_Augment_PreserverTrait,37,0.16216216216216217,0.4864864864864865,4.5675675675675675,5.166666666666667,3.4615384615384617,0.0,24,13,0
TFT9_Augment_BuildingACollection,32,0.125,0.5625,4.125,4.125,0.0,0.0,32,0,0
TFT9_Augment_OnARoll,19,0.05263157894736842,0.2631578947368421,5.947368421052632,5.8,6.5,0.0,15,4,0
TFT9_Augment_SlayerEmblem2,9,0.1111111111111111,0.3333333333333333,5.222222222222222,7.0,4.75,4.666666666666667,2,4,3
TFT9_Augment_AllNatural,17,0.11764705882352941,0.35294117647058826,4.9411764705882355,4.444444444444445,5.5,0.0,9,8,0
TFT9_Augment_BloodMoney,149,0.12751677852349003,0.48322147651006714,4.46979865771812,4.46979865771812,0.0,0.0,149,0,0
TFT9_Augment_LesserJeweledLotus,149,0.11409395973154363,0.46308724832214765,4.63758389261745,5.160714285714285,4.299999999999999,4.461538461538462,56,80,13
TFT9_Augment_RiskyMoves,123,0.13008130081300825,0.5284552845528458,4.463414634146344,4.463414634146344,0.0,0.0,123,0,0
TFT7_Augment_TomeOfTraits2,136,0.08823529411764705,0.5147058823529415,4.345588235294116,4.17948717948718,4.392156862745098,4.434782608695653,39,51,46
TFT9_Augment_InfernalContract,82,0.10975609756097561,0.5,4.390243902439023,0.0,4.354838709677419,4.411764705882353,0,31,51
TFT6_Augment_ThreesCompany,37,0.1891891891891892,0.4594594594594595,4.45945945945946,4.45945945945946,0.0,0.0,37,0,0
TFT9_Augment_ZaunEmblem2,55,0.21818181818181817,0.5818181818181818,4.181818181818182,4.333333333333333,4.133333333333334,4.090909090909091,18,15,22
TFT9_Augment_Formation1,273,0.14652014652014644,0.4945054945054943,4.468864468864467,4.526315789473684,4.398305084745762,4.5,133,118,22
TFT9_Augment_UnleashedArcana,29,0.10344827586206896,0.3103448275862069,5.034482758620689,5.0,5.545454545454546,4.545454545454546,7,11,11
TFT9_Augment_SocialDistancing3,246,0.08943089430894309,0.5325203252032518,4.313008130081297,4.315789473684212,4.270270270270271,4.35064935064935,95,74,77
TFT9_Augment_IndomitableWill,38,0.2894736842105263,0.6052631578947368,3.789473684210526,3.923076923076923,4.235294117647059,2.625,13,17,8
TFT7_Augment_LategameSpecialist,53,0.22641509433962265,0.49056603773584917,4.358490566037735,3.9130434782608696,4.7,0.0,23,30,0
TFT9_Augment_WarwickCarry,136,0.25,0.5735294117647057,4.124999999999997,4.016260162601624,5.153846153846154,0.0,123,13,0
TFT9_Augment_PreserverEmblem,50,0.11999999999999998,0.44,4.68,5.2631578947368425,3.9,4.523809523809524,19,10,21
TFT9_Augment_DeadeyeTrait,54,0.05555555555555555,0.4444444444444444,4.981481481481479,4.904761904761905,5.035714285714286,5.0,21,28,5
TFT9_Augment_Commander_SmallForgePlus,92,0.10869565217391304,0.5652173913043477,4.358695652173911,0.0,4.46551724137931,4.176470588235293,0,58,34
TFT9_Augment_PhreakyFridayPlus,137,0.08029197080291971,0.48905109489051074,4.452554744525547,4.258064516129032,4.524590163934425,4.488888888888889,31,61,45
TFT9_Augment_IoniaSentinelsSpirit,63,0.12698412698412698,0.5714285714285714,4.3015873015873,3.935483870967742,4.764705882352942,4.533333333333334,31,17,15
TFT9_Augment_BastionEmblem,34,0.08823529411764706,0.38235294117647056,5.205882352941176,6.571428571428571,5.0,4.75,7,11,16
TFT9_Augment_PandorasRadiantBox,27,0.14814814814814814,0.5555555555555556,4.259259259259259,4.692307692307693,4.125,3.5,13,8,6
TFT9_Augment_NoxusEmblem,74,0.08108108108108109,0.5,4.378378378378378,4.171428571428572,4.428571428571429,4.722222222222222,35,21,18
TFT9_Augment_IoniaEmblem2,28,0.03571428571428571,0.32142857142857145,5.107142857142857,5.235294117647059,5.0,4.75,17,7,4
TFT9_Augment_TacticiansTools,49,0.12244897959183672,0.46938775510204084,4.8979591836734695,4.777777777777778,5.16,4.533333333333334,9,25,15
TFT9_Augment_RedBuff,139,0.07913669064748204,0.48201438848920863,4.58273381294964,4.739130434782609,4.285714285714282,5.0,69,56,14
TFT9_Augment_BastionTrait,25,0.04,0.48,4.32,5.0,3.9,3.5,11,10,4
TFT9_Augment_ChallengerEmblem2,54,0.07407407407407404,0.4444444444444444,4.722222222222223,4.874999999999999,4.173913043478261,6.0,24,23,7
TFT6_Augment_Recombobulator,34,0.17647058823529413,0.4411764705882353,4.5,3.923076923076923,5.05,1.0,13,20,1
TFT9_Augment_StrategistTacticalSuperiority,35,0.02857142857142857,0.4,5.000000000000001,5.166666666666667,5.076923076923077,4.875,6,13,16
TFT7_Augment_LuckyGloves,29,0.034482758620689655,0.4827586206896552,4.827586206896551,4.6,5.5,4.333333333333333,10,10,9
TFT9_Augment_LearningFromExperience2,13,0.23076923076923078,0.46153846153846156,4.307692307692308,4.307692307692308,0.0,0.0,13,0,0
TFT9_Augment_KnowledgeIsPower,139,0.07194244604316546,0.4172661870503597,4.928057553956835,0.0,5.204081632653061,4.7777777777777795,0,49,90
TFT9_Augment_PiltoverTrait2,19,0.15789473684210525,0.631578947368421,3.736842105263158,3.588235294117647,5.0,5.0,17,1,1
TFT9_Augment_ArmorcladEmblem2,42,0.16666666666666669,0.6190476190476191,3.8095238095238093,4.4375,3.4166666666666665,3.4285714285714284,16,12,14
TFT9_Augment_JustKeepRolling,47,0.0425531914893617,0.425531914893617,5.0,5.0,5.0,0.0,20,27,0
TFT9_Augment_Harmacist2,171,0.14035087719298245,0.5614035087719297,4.233918128654973,4.290322580645161,4.1594202898550705,4.281690140845069,31,69,71
TFT9_Augment_TiniestTitan,44,0.045454545454545456,0.3636363636363637,5.318181818181817,5.366666666666666,5.214285714285714,0.0,30,14,0
TFT9_Augment_TopDeckPlus,17,0.058823529411764705,0.29411764705882354,5.647058823529412,5.6923076923076925,5.5,0.0,13,4,0
TFT9_Augment_NotToday,66,0.15151515151515155,0.45454545454545453,4.757575757575756,4.904761904761905,4.555555555555555,4.777777777777779,21,18,27
TFT6_Augment_SlowAndSteady,6,0.16666666666666666,0.6666666666666666,4.166666666666667,4.166666666666667,0.0,0.0,6,0,0
TFT9_Augment_TargonTrait2,17,0.058823529411764705,0.47058823529411764,4.882352941176471,4.666666666666667,4.166666666666667,6.0,6,6,5
TFT9_Augment_WanderingTrainer,46,0.08695652173913043,0.39130434782608703,4.97826086956522,4.97826086956522,0.0,0.0,46,0,0
TFT9_Augment_ArmyBuilding,146,0.136986301369863,0.4589041095890411,4.609589041095891,4.3013698630137,4.917808219178082,0.0,73,73,0
TFT9_Augment_NoxusTotalDomination,116,0.1896551724137931,0.6810344827586206,3.706896551724138,4.2368421052631575,3.511627906976744,3.3714285714285714,38,43,35
TFT9_Augment_IoniaEmblem,61,0.22950819672131148,0.5573770491803282,4.229508196721311,3.6666666666666665,4.954545454545454,4.0,21,22,18
TFT9_Augment_StarsAreBorn,48,0.041666666666666664,0.4166666666666667,5.145833333333335,5.145833333333335,0.0,0.0,48,0,0
TFT9_Augment_InvokerLovingInvocation,56,0.08928571428571429,0.4642857142857143,4.607142857142855,4.826086956521738,4.684210526315789,4.142857142857143,23,19,14
TFT9_Augment_Infusion,110,0.1636363636363637,0.4909090909090909,4.609090909090909,4.32258064516129,4.295454545454545,5.257142857142857,31,44,35
TFT9_Augment_EnshroudingStillness,82,0.09756097560975611,0.524390243902439,4.365853658536586,0.0,4.5555555555555545,4.217391304347827,0,36,46
TFT9_Augment_PumpingUp2,24,0.08333333333333333,0.4583333333333333,4.958333333333333,4.958333333333333,0.0,0.0,24,0,0
TFT9_Augment_Commander_LargeForgePlus,315,0.10158730158730159,0.5206349206349203,4.473015873015877,0.0,4.321739130434783,4.559999999999998,0,115,200
TFT7_Augment_AFK,24,0.041666666666666664,0.3333333333333333,5.416666666666667,5.416666666666667,0.0,0.0,24,0,0
TFT9_Augment_SilverSpoon,57,0.12280701754385964,0.42105263157894735,4.736842105263156,4.736842105263156,0.0,0.0,57,0,0
TFT9_Augment_Harmacist3,122,0.12295081967213115,0.5081967213114758,4.442622950819673,5.0476190476190474,4.382978723404256,4.259259259259261,21,47,54
TFT9_Augment_ItPaysToLearnIII,100,0.24999999999999997,0.63,3.86,0.0,3.4363636363636365,4.377777777777779,0,55,45
TFT9_Augment_CyberneticBulk1,107,0.1588785046728972,0.6542056074766358,3.8411214953271022,4.15909090909091,3.705882352941177,3.25,44,51,12
TFT9_Augment_FinalGrabBagPlusPlus,28,0.07142857142857142,0.5714285714285714,4.499999999999999,0.0,4.466666666666667,4.538461538461538,0,15,13
TFT9_Augment_BlindingSpeed,22,0.0,0.36363636363636365,5.636363636363637,5.0,6.0,5.375,3,11,8
TFT6_Augment_RichGetRicherPlus,32,0.125,0.40625,4.812499999999999,5.25,4.55,0.0,12,20,0
TFT9_Augment_FreljordTrait,173,0.09826589595375723,0.47398843930635837,4.578034682080925,5.551724137931035,4.344262295081967,4.409638554216866,29,61,83
TFT9_Augment_PiltoverTrait,26,0.34615384615384615,0.6538461538461539,3.730769230769231,3.5,5.0,8.0,24,1,1
TFT9_Augment_OldMansWalkingStick,214,0.12616822429906546,0.5186915887850466,4.397196261682246,4.445783132530122,4.152542372881355,4.541666666666668,83,59,72
TFT9_Augment_Shoplifting,18,0.1111111111111111,0.5,4.444444444444445,3.8333333333333335,4.75,0.0,6,12,0
TFT7_Augment_LastStand,71,0.2676056338028169,0.5211267605633803,4.309859154929577,4.160000000000001,4.391304347826087,0.0,25,46,0
TFT9_Augment_FinalGrabBagPlus,71,0.12676056338028174,0.4507042253521127,4.647887323943663,0.0,4.96875,4.384615384615384,0,32,39
TFT9_Augment_ShurimaEmblem,53,0.07547169811320752,0.33962264150943405,5.113207547169812,4.636363636363637,5.190476190476191,5.285714285714286,11,21,21
TFT9_Augment_MarksmanTrait,46,0.10869565217391304,0.43478260869565216,4.934782608695653,4.615384615384617,5.882352941176471,2.3333333333333335,26,17,3
TFT9_Augment_RollTheDice,88,0.11363636363636359,0.5113636363636365,4.329545454545454,4.161290322580645,4.5675675675675675,4.15,31,37,20
TFT9_Augment_TopDeck,18,0.0,0.3333333333333333,5.333333333333333,5.214285714285714,5.75,0.0,14,4,0
TFT9_Augment_MarksmanEmblem2,32,0.0,0.28125,5.5625,6.375,5.0,5.583333333333333,8,12,12
TFT9_Augment_OneTwosThree,18,0.05555555555555555,0.7222222222222222,3.4444444444444446,3.4444444444444446,0.0,0.0,18,0,0
TFT6_Augment_Twins3,74,0.1621621621621622,0.5405405405405403,4.391891891891892,4.564516129032259,3.5,0.0,62,12,0
TFT9_Augment_TwoHealthy,84,0.1785714285714286,0.5119047619047619,4.607142857142856,4.913793103448276,3.923076923076923,0.0,58,26,0
TFT9_Augment_ShurimaShurimasLegacy,82,0.06097560975609756,0.5121951219512195,4.47560975609756,4.318181818181819,4.620689655172414,4.777777777777778,44,29,9
TFT7_Augment_SacrificialPact,32,0.0625,0.625,4.0625,4.0625,0.0,0.0,32,0,0
TFT9_Augment_GiftsFromAbove,9,0.2222222222222222,0.4444444444444444,4.888888888888889,6.0,5.5,3.3333333333333335,2,4,3
TFT9_Augment_VoidEmblem2,30,0.13333333333333333,0.6333333333333333,4.166666666666667,4.260869565217392,1.6666666666666667,5.5,23,3,4
TFT6_Augment_OneTwoFive,24,0.08333333333333333,0.3333333333333333,5.250000000000001,0.0,5.857142857142857,5.0,0,7,17
TFT9_Augment_SettTheBoss,44,0.11363636363636363,0.4318181818181818,4.772727272727273,4.631578947368421,5.666666666666667,0.0,38,6,0
TFT9_Augment_Harmacist1,88,0.06818181818181818,0.4772727272727273,4.670454545454546,4.857142857142857,4.666666666666667,3.8333333333333335,28,54,6
TFT9_Augment_FinalGrabBag,7,0.0,0.2857142857142857,5.428571428571429,0.0,7.0,4.8,0,2,5
TFT9_Augment_WhatDoesntKillYou,14,0.14285714285714285,0.5,4.428571428571429,4.428571428571429,0.0,0.0,14,0,0
TFT9_Augment_OverwhelmingForce,44,0.022727272727272728,0.3181818181818182,5.454545454545455,7.0,5.090909090909091,5.631578947368421,3,22,19
TFT9_Augment_Dedication,70,0.07142857142857142,0.37142857142857144,5.099999999999999,4.851851851851852,5.255813953488374,0.0,27,43,0
TFT9_Augment_AirspeedVelocity2,7,0.14285714285714285,0.2857142857142857,5.571428571428571,6.0,3.5,7.0,3,2,2
TFT6_Augment_TomeOfTraits1,71,0.15492957746478872,0.38028169014084506,4.985915492957748,4.6279069767441845,5.535714285714285,0.0,43,28,0
TFT9_Augment_HealingOrbsI,162,0.16049382716049387,0.47530864197530864,4.53703703703704,4.384615384615382,4.650000000000002,5.181818181818182,91,60,11
TFT9_Augment_DangerousToGoAlone,19,0.10526315789473684,0.631578947368421,3.789473684210526,3.5,4.25,3.4285714285714284,4,8,7
TFT9_Augment_HedgeFundPlusPlus,46,0.1521739130434783,0.45652173913043476,4.4565217391304355,0.0,4.0,4.7,0,16,30
TFT9_Augment_CuttingCorners,8,0.0,0.25,5.5,5.5,0.0,0.0,8,0,0
TFT9_Augment_MissedConnections,28,0.14285714285714285,0.4642857142857143,4.892857142857143,3.6666666666666665,5.2272727272727275,0.0,6,22,0
TFT9_Augment_BruiserEmblem2,25,0.04,0.48,4.679999999999999,4.9,4.222222222222222,5.0,10,9,6
TFT6_Augment_TheGoldenEgg,31,0.3225806451612903,0.5161290322580645,4.03225806451613,0.0,3.2222222222222223,4.363636363636363,0,9,22
TFT9_Augment_HighEndSector,6,0.3333333333333333,0.3333333333333333,5.0,5.0,0.0,0.0,6,0,0
TFT9_Augment_PreserverEmblem2,28,0.14285714285714285,0.5357142857142857,4.214285714285715,4.777777777777778,4.555555555555555,3.4,9,9,10
TFT9_Augment_DeadeyeEmblem,65,0.15384615384615385,0.47692307692307695,4.507692307692308,4.529411764705882,4.538461538461537,4.454545454545454,17,26,22
TFT9_Augment_ThreesACrowd,39,0.25641025641025644,0.6666666666666666,3.5897435897435903,4.75,3.3157894736842106,3.25,8,19,12
TFT9_Augment_ReturnOnInvestment,50,0.07999999999999999,0.28,5.28,5.538461538461538,6.0,4.571428571428571,13,16,21
TFT9_Augment_ZaunChemicallyEnhancedBulk,30,0.1,0.43333333333333335,4.8,5.2,4.714285714285714,4.7272727272727275,5,14,11
TFT9_Augment_StrategistTrait2,8,0.125,0.375,5.25,7.666666666666667,4.0,3.5,3,3,2
TFT6_Augment_Twins2,57,0.17543859649122806,0.43859649122807026,4.719298245614034,4.67391304347826,4.909090909090909,0.0,46,11,0
TFT9_Augment_WhatTheForge,11,0.0,0.36363636363636365,5.090909090909091,4.0,4.5,6.5,3,4,4
TFT9_Augment_ArmorcladEmblem,45,0.15555555555555559,0.4666666666666667,4.733333333333333,4.444444444444445,5.285714285714286,4.5,9,14,22
TFT9_Augment_MoneyHealsAllWounds,22,0.09090909090909091,0.22727272727272727,5.681818181818182,3.25,6.222222222222222,0.0,4,18,0
TFT9_Augment_BuildingACollectionPlusPlus,9,0.1111111111111111,0.1111111111111111,5.666666666666667,4.25,6.8,0.0,4,5,0
TFT9_Augment_Commander_Experience1,23,0.08695652173913043,0.34782608695652173,5.304347826086957,4.928571428571429,5.888888888888889,0.0,14,9,0
TFT6_Augment_PandorasItems,68,0.014705882352941173,0.36764705882352944,5.13235294117647,5.107142857142857,4.970588235294117,6.166666666666667,28,34,6
TFT9_Augment_TargonTrait,19,0.05263157894736842,0.15789473684210525,5.947368421052632,4.0,5.571428571428571,6.6,2,7,10
TFT9_Augment_ShurimaEmblem2,44,0.0,0.4772727272727273,4.886363636363637,4.333333333333333,5.25,5.285714285714286,18,12,14
TFT9_Augment_DravenSpoilsOfWar,32,0.125,0.5,4.4375,4.4375,0.0,0.0,32,0,0
TFT9_Augment_ChallengerTrait,64,0.17187500000000006,0.53125,4.234375000000001,4.38235294117647,4.076923076923077,4.0,34,26,4
TFT9_Augment_ShadowIslesHauntedShell,9,0.3333333333333333,0.4444444444444444,4.222222222222222,4.5,6.0,3.4,2,2,5
TFT9_Augment_LongTimeCrafting,18,0.16666666666666666,0.3333333333333333,5.0,5.0,0.0,0.0,18,0,0
TFT9_Augment_BardPlaybook3,17,0.11764705882352941,0.35294117647058826,4.823529411764706,4.823529411764706,0.0,0.0,17,0,0
TFT9_Augment_BastionEmblem2,19,0.10526315789473684,0.3157894736842105,5.0,5.285714285714286,5.111111111111111,4.0,7,9,3
TFT9_Augment_FinalReserves,50,0.44,0.58,4.04,3.64,4.44,0.0,25,25,0
TFT9_Augment_BardPlaybook1,1,0.0,0.0,5.0,5.0,0.0,0.0,1,0,0
TFT9_Augment_AllNatural2,20,0.35,0.65,3.85,3.1666666666666665,3.857142857142857,4.428571428571429,6,7,7
TFT9_Augment_BranchingOut,36,0.08333333333333333,0.5,4.638888888888889,4.583333333333333,4.75,0.0,24,12,0
TFT9_Augment_Commander_TinyPower2,1,0.0,0.0,5.0,0.0,5.0,0.0,0,1,0
TFT9_Augment_AirspeedVelocity1,9,0.5555555555555556,0.5555555555555556,3.6666666666666665,3.8333333333333335,3.3333333333333335,0.0,6,3,0
TFT9_Augment_ShadowIslesTrait,15,0.06666666666666667,0.8666666666666667,3.466666666666667,3.3333333333333335,3.125,7.0,6,8,1
TFT6_Augment_Traitless2,13,0.15384615384615385,0.15384615384615385,5.846153846153846,5.7,6.333333333333333,0.0,10,3,0
TFT9_Augment_BronzeTicket,36,0.08333333333333333,0.3055555555555556,5.5,5.277777777777778,5.4,7.333333333333333,18,15,3
TFT9_Augment_YordleUnstableYordlePortal,18,0.2777777777777778,0.5555555555555556,3.888888888888889,3.764705882352941,6.0,0.0,17,1,0
TFT9_Augment_VoidEmblem,40,0.125,0.525,4.3,4.791666666666667,3.3,4.0,24,10,6
TFT9_Augment_Transfusion,65,0.10769230769230768,0.5384615384615384,4.523076923076923,4.423076923076923,4.589743589743589,0.0,26,39,0
TFT7_Augment_BirthdayPresents,12,0.25,0.4166666666666667,4.833333333333333,4.833333333333333,0.0,0.0,12,0,0
TFT9_Augment_BardPlaybook2,12,0.4166666666666667,0.6666666666666666,3.3333333333333335,3.3333333333333335,0.0,0.0,12,0,0
TFT9_Augment_HedgeFundPlus,34,0.23529411764705888,0.5,4.558823529411765,4.428571428571429,4.769230769230769,0.0,21,13,0
TFT9_Augment_SilverTicket,30,0.13333333333333333,0.4,5.1,5.1875,5.0,0.0,16,14,0
TFT9_Augment_Commander_TinyPower1,2,0.0,0.5,5.5,0.0,5.5,0.0,0,2,0
TFT8_Augment_SalvageBinPlus,24,0.08333333333333333,0.2916666666666667,5.25,4.0,5.0,5.7272727272727275,2,11,11
TFT6_Augment_MetabolicAccelerator,11,0.36363636363636365,0.6363636363636364,3.727272727272727,3.727272727272727,0.0,0.0,11,0,0
TFT9_Augment_BruiserTitanicStrength,25,0.08,0.48,4.6800000000000015,3.8181818181818183,3.8750000000000004,7.333333333333333,11,8,6
TFT9_Augment_IronAssets,29,0.034482758620689655,0.6206896551724138,4.448275862068966,4.448275862068966,0.0,0.0,29,0,0
TFT9_Augment_DravenSpoilsOfWar2,13,0.15384615384615385,0.5384615384615384,4.0,4.0,0.0,0.0,13,0,0
TFT9_Augment_SlayerSlayersResolve,10,0.2,0.4,4.9,6.333333333333333,4.0,4.666666666666667,3,4,3
TFT9_Augment_Commander_Money3,5,0.4,0.4,4.4,0.0,4.0,4.666666666666667,0,2,3
TFT7_Augment_LivingForge,8,0.125,0.75,3.625,3.625,0.0,0.0,8,0,0
TFT9_Augment_JuggernautCantStopMe,33,0.24242424242424243,0.5151515151515151,4.090909090909091,4.666666666666667,5.333333333333333,3.1666666666666665,3,12,18
TFT9_Augment_Commander_RollingForDays2,28,0.07142857142857142,0.6071428571428571,4.535714285714286,0.0,4.181818181818182,4.764705882352941,0,11,17
TFT9_Augment_PumpingUp,8,0.125,0.375,4.75,4.75,0.0,0.0,8,0,0
TFT6_Augment_HyperRoll,7,0.0,0.42857142857142855,5.142857142857143,5.142857142857143,0.0,0.0,7,0,0
TFT9_Augment_PiltoverShimmeringInventors,8,0.125,0.375,5.5,5.0,7.0,0.0,6,2,0
TFT6_Augment_BinaryAirdrop,11,0.09090909090909091,0.2727272727272727,5.454545454545454,0.0,5.428571428571429,5.5,0,7,4
TFT7_Augment_ScopedWeapons1,31,0.25806451612903225,0.6451612903225806,3.741935483870969,2.3333333333333335,4.000000000000001,3.7857142857142856,3,14,14
TFT9_Augment_EarlyEducation,16,0.125,0.375,5.1875,5.1875,0.0,0.0,16,0,0
TFT9_Augment_SlayerEmblem,16,0.0625,0.5625,4.0625,6.5,3.7142857142857144,3.7142857142857144,2,7,7
TFT9_Augment_ImpromptuInventions,4,0.0,0.25,5.25,5.25,0.0,0.0,4,0,0
TFT9_Augment_MulticasterPracticeMakesPerfect,12,0.16666666666666666,0.25,5.75,1.0,7.0,5.5,1,5,6
TFT7_Augment_CursedCrown,14,0.14285714285714285,0.35714285714285715,4.857142857142857,3.5,5.333333333333333,5.0,2,3,9
TFT9_Augment_Commander_RollingForDays3,12,0.25,0.5,4.416666666666667,0.0,4.5,4.333333333333333,0,6,6
TFT9_Augment_VoidRapidIncubation,35,0.08571428571428572,0.5142857142857142,4.371428571428571,4.3076923076923075,3.8666666666666667,5.571428571428571,13,15,7
TFT9_Augment_Commander_Ascension,19,0.05263157894736842,0.42105263157894735,5.105263157894737,0.0,5.235294117647059,4.0,0,17,2
TFT9_Augment_PumpingUp3,12,0.16666666666666666,0.4166666666666667,4.583333333333333,4.583333333333333,0.0,0.0,12,0,0
TFT9_Augment_Commander_Experience3,26,0.11538461538461539,0.34615384615384615,5.538461538461538,5.45,5.833333333333333,0.0,20,6,0
TFT9_Augment_ItPaysToLearn,14,0.0,0.07142857142857142,6.714285714285714,0.0,6.888888888888889,6.4,0,9,5
TFT9_Augment_Commander_FinalAscension,3,0.0,0.6666666666666666,4.333333333333333,0.0,4.333333333333333,0.0,0,3,0
TFT9_Augment_ItemGrabBagPlus,5,0.0,0.4,5.6,6.25,3.0,0.0,4,1,0
TFT9_Augment_Commander_TeamingUp2,9,0.0,0.3333333333333333,5.333333333333333,0.0,5.714285714285714,4.0,0,7,2
TFT9_Augment_PhreakyFridayHR,1,0.0,0.0,5.0,5.0,0.0,0.0,1,0,0
TFT9_Augment_TopDeckPlusPlus,5,0.0,0.2,6.6,7.666666666666667,5.0,0.0,3,2,0
TFT9_Augment_Commander_PartialAscension,1,0.0,0.0,7.0,0.0,0.0,7.0,0,0,1
TFT9_Augment_GottaGoFastIII,3,0.0,0.6666666666666666,4.0,0.0,5.0,3.5,0,1,2
TFT9_Augment_HedgeFund,10,0.2,0.6,3.8,3.8,0.0,0.0,10,0,0
TFT9_Augment_MulticasterTrait,4,0.0,0.25,5.75,6.0,7.0,3.0,1,2,1
TFT9_Augment_DemaciaPetriciteShackles,9,0.2222222222222222,0.4444444444444444,4.333333333333333,4.0,5.0,3.0,2,5,2
TFT6_Augment_TradeSector,23,0.2608695652173913,0.4782608695652174,4.391304347826088,4.391304347826088,0.0,0.0,23,0,0
TFT9_Augment_BattleReadyIII,2,0.0,0.0,6.5,6.5,0.0,0.0,2,0,0
TFT9_Augment_BalancedBudget3,4,0.25,0.5,4.75,4.5,5.0,0.0,2,2,0
TFT9_Augment_RogueTrait,1,0.0,0.0,6.0,6.0,0.0,0.0,1,0,0
TFT9_Augment_Commander_WellEarnedComforts3,2,0.5,1.0,1.5,0.0,1.0,2.0,0,1,1
TFT9_Augment_ArmorcladTrait,25,0.0,0.52,4.520000000000001,3.5555555555555554,5.5,4.333333333333333,9,10,6
TFT9_Augment_Sleightofhand,8,0.0,0.375,4.875,4.0,6.333333333333333,0.0,5,3,0
TFT9_Augment_SlayerTrait,8,0.25,0.5,4.375,6.666666666666667,4.333333333333333,1.0,3,3,2
TFT9_Augment_BattleReadyII,4,0.0,0.0,6.25,6.25,0.0,0.0,4,0,0
TFT9_Augment_RogueEmblem,4,0.0,0.25,6.5,8.0,5.0,0.0,2,2,0
TFT6_Augment_SalvageBin,3,0.0,0.3333333333333333,5.666666666666667,5.666666666666667,0.0,0.0,3,0,0
TFT9_Augment_RogueVampiricBlades,6,0.0,0.5,4.833333333333333,0.0,5.0,4.5,0,4,2
TFT9_Augment_Commander_RollingForDays,3,0.3333333333333333,0.3333333333333333,5.666666666666667,0.0,4.5,8.0,0,2,1
TFT9_Augment_DemaciaEmblem,5,0.0,0.2,6.0,3.0,6.0,7.0,1,1,3
TFT9_Augment_RogueEmblem2,2,0.0,1.0,3.5,3.5,0.0,0.0,2,0,0
TFT9_Augment_Commander_Money2,10,0.0,0.4,5.7,0.0,5.0,6.4,0,5,5
TFT9_Augment_GalioCarry,4,0.25,0.25,4.75,4.75,0.0,0.0,4,0,0
TFT9_Augment_SwainCarry,4,0.25,1.0,2.75,2.3333333333333335,4.0,0.0,3,1,0
TFT9_Augment_MulticasterTrait2,4,0.0,0.25,6.25,7.0,0.0,5.5,2,0,2
TFT9_Augment_Commander_TinyPower3,1,0.0,1.0,3.0,0.0,3.0,0.0,0,1,0
TFT9_Augment_BalancedBudget2,4,0.0,0.5,4.75,4.75,0.0,0.0,4,0,0
TFT9_Augment_BalancedBudget,1,0.0,0.0,7.0,7.0,0.0,0.0,1,0,0
TFT9_Augment_DemaciaEmblem2,1,0.0,0.0,7.0,0.0,7.0,0.0,0,1,0
TFT9_Augment_PhreakyFridayPlusHR,1,0.0,1.0,3.0,0.0,0.0,3.0,0,0,1
TFT6_Augment_ItemGrabBag1,3,0.0,0.3333333333333333,4.666666666666667,4.666666666666667,0.0,0.0,3,0,0
TFT9_Augment_GottaGoFastII,4,0.0,0.25,5.75,0.0,5.5,6.0,0,2,2
TFT9_Augment_ArmyBuildingHR,2,0.0,1.0,3.0,0.0,3.0,0.0,0,2,0
TFT9_Augment_DravenSpoilsOfWar3,1,0.0,0.0,6.0,6.0,0.0,0.0,1,0,0
TFT9_Augment_Commander_WellEarnedComforts2,1,0.0,0.0,8.0,0.0,8.0,0.0,0,1,0
TFT9_Augment_BattleReady,1,0.0,0.0,7.0,7.0,0.0,0.0,1,0,0
TFT9_Augment_Commander_Money,1,0.0,0.0,8.0,0.0,8.0,0.0,0,1,0
