TFT9_Augment_Commander_MediumForge,8278,0.1064266731094466,0.516429089151966,4.442014979463626,4.418571765260432,4.466666666666667,0.0,4243,4035,0
TFT9_Augment_StrategistTrait,575,0.04521739130434783,0.426086956521739,4.954782608695654,4.848,5.03381642512077,4.942386831275721,125,207,243
TFT6_Augment_Traitless3,418,0.11722488038277512,0.5526315789473686,4.150717703349276,4.135501355013553,4.26530612244898,0.0,369,49,0
TFT9_Augment_SocialDistancing2,3922,0.12876083630800617,0.5336562978072419,4.320754716981119,4.358641358641358,4.315258511979816,4.298876404494371,1001,1586,1335
TFT9_Augment_Formation2,4511,0.13744180891154978,0.5293726446464203,4.3338505874528765,4.347466390899687,4.378363832077506,4.276986951364177,967,1858,1686
TFT9_Augment_SorcererEmblem2,1163,0.1401547721410146,0.5786758383490975,4.128116938950984,4.123595505617978,4.111111111111111,4.163346613545817,534,378,251
TFT9_Augment_GiftsFromTheFallen,5103,0.16264942190868129,0.5461493239271006,4.227317264354299,4.401197604790413,4.155523944997626,4.215863453815265,1002,2109,1992
TFT9_Augment_JeweledLotus,3689,0.11385199240986717,0.47817836812144227,4.615342911358099,4.635696821515889,4.597537265068045,4.623493975903622,818,1543,1328
TFT9_Augment_GreaterJeweledLotus,2757,0.13492927094668045,0.5350018135654702,4.33079434167574,4.459119496855347,4.3182214472536975,4.223312883435584,795,1147,815
TFT9_Augment_Idealism,2295,0.13289760348583884,0.5372549019607846,4.31546840958606,4.339360222531287,4.275379229871644,0.0,1438,857,0
TFT9_Augment_FreljordGlacialBreeze,1864,0.12017167381974246,0.5697424892703861,4.165236051502144,4.216438356164382,4.137588652482272,4.166246851385388,365,705,794
TFT9_Augment_DeadeyeEmblem2,830,0.06987951807228929,0.4975903614457831,4.54819277108434,4.802816901408451,4.159420289855071,4.633165829145729,355,276,199
TFT9_Augment_DeadeyeSuppressingFire,1361,0.10139603232916981,0.5510653930933134,4.2880235121234405,4.47923322683706,4.277580071174375,4.176954732510289,313,562,486
TFT9_Augment_StarterKit,420,0.06666666666666665,0.44285714285714284,4.800000000000003,4.800000000000003,0.0,0.0,420,0,0
TFT9_Augment_Martyr,1237,0.16976556184316902,0.5383993532740505,4.260307194826188,4.368663594470051,4.183044315992291,4.2934131736527,217,519,501
TFT9_Augment_ChallengerEmblem,1203,0.12302576891105588,0.49709060681629225,4.507065669160427,4.424561403508775,4.557613168724282,4.50462962962963,285,486,432
TFT9_Augment_PhreakyFriday,430,0.08139534883720931,0.5418604651162796,4.358139534883728,4.358139534883728,0.0,0.0,430,0,0
TFT9_Augment_CapriciousForge,1709,0.11059098888238733,0.5096547688706838,4.4470450555880525,4.3381642512077265,4.459057071960297,4.465517241379311,207,806,696
TFT9_Augment_ItPaysToLearnII,8702,0.17720064353022275,0.4932199494369106,4.488393472764902,0.0,4.483654919470599,4.5006170300287955,0,6271,2431
TFT9_Augment_AllThatShimmers,3705,0.17381916329284758,0.5336032388663958,4.2464237516869145,4.155957161981262,4.623430962343096,0.0,2988,717,0
TFT6_Augment_MaxLevel10,3316,0.19270205066345,0.5217129071170074,4.336550060313625,4.240489130434794,4.324642556770394,4.574045801526719,1472,1189,655
TFT9_Augment_ACutAbove,2830,0.13462897526501766,0.5674911660777392,4.181978798586574,4.107727272727282,4.4412698412698415,0.0,2200,630,0
TFT9_Augment_GiantGrabBag,489,0.07770961145194279,0.47648261758691207,4.660531697341512,4.86458333333333,4.3681592039801025,0.0,288,201,0
TFT9_Augment_KnowYourEnemy,3601,0.16273257428492124,0.5731741183004744,4.10413773951679,4.098630136986307,4.073670723894934,4.14351145038168,730,1561,1310
TFT9_Augment_Commander_LargeForge,3771,0.08618403606470426,0.48236542031291435,4.593211349774577,4.620253164556955,4.557997557997559,0.0,2133,1638,0
TFT6_Augment_RadiantRelics,2614,0.09678653404743683,0.48967100229533267,4.602907421576107,4.684556407447974,4.510204081632655,4.6255201109570026,913,980,721
TFT9_Augment_CyberneticBulk2,1210,0.11404958677685953,0.5057851239669428,4.529752066115706,4.375565610859729,4.608786610878661,4.522504892367905,221,478,511
TFT9_Augment_EscortQuest,400,0.1625,0.52,4.362499999999997,4.303125000000001,4.6,0.0,320,80,0
TFT9_Augment_OneHundredDuckSizedHorses,361,0.12188365650969521,0.559556786703602,4.2077562326869815,3.857142857142857,4.081761006289306,4.627118644067795,84,159,118
TFT6_Augment_RichGetRicher,552,0.13405797101449277,0.43659420289855067,4.80978260869565,4.80978260869565,0.0,0.0,552,0,0
TFT9_Augment_TransfusionPlusPlus,912,0.15460526315789475,0.5570175438596491,4.174342105263145,4.1049107142857135,4.241379310344824,0.0,448,464,0
TFT9_Augment_Commander_MediumForgePlus,9532,0.09399916072177898,0.4837389844733529,4.608161980696599,0.0,4.575697605382953,4.644786782764003,0,5053,4479
TFT9_Augment_CyberneticBulk3,863,0.11703360370799537,0.5330243337195831,4.362688296639634,4.446428571428571,4.419558359621449,4.248447204968944,224,317,322
TFT9_Augment_YouHaveMySword,3506,0.11095265259555048,0.5231032515687395,4.398745008556756,4.323715058611368,4.419642857142849,4.451092117758782,1109,1344,1053
TFT9_Augment_YouHaveMyBow,3016,0.10709549071618045,0.49502652519893897,4.554708222811689,4.659893048128333,4.547023295944779,4.4577006507592065,935,1159,922
TFT9_Augment_PandorasItems2,1708,0.09250585480093675,0.4127634660421546,5.00058548009367,4.925373134328358,4.9953488372093044,5.065656565656562,469,645,594
TFT9_Augment_BigGrabBag,925,0.08324324324324327,0.4843243243243243,4.6940540540540505,4.69439421338156,4.693548387096774,0.0,553,372,0
TFT9_Augment_LongDistanceRelationship2,6838,0.12635273471775393,0.531003217315005,4.3332845861362825,4.468346650276581,4.308541973490423,4.272144288577153,1627,2716,2495
TFT9_Augment_Commander_Experience2,4277,0.125789104512509,0.43956043956043955,4.79541734860883,4.819541029207231,4.745895788722336,0.0,2876,1401,0
TFT9_Augment_BastionMorningLight,555,0.14774774774774774,0.4882882882882883,4.533333333333338,4.66666666666667,4.525581395348836,4.478448275862066,108,215,232
TFT9_Augment_MarksmanEmblem,932,0.12231759656652365,0.4903433476394845,4.579399141630909,4.85164835164835,4.644117647058822,4.404878048780484,182,340,410
TFT9_Augment_SorcererEmblem,2059,0.13161728994657657,0.5167557066537147,4.398737251092767,4.5065123010130295,4.337888198757767,4.353463587921854,691,805,563
TFT9_Augment_HealingOrbsII,2550,0.1188235294117648,0.4992156862745099,4.507058823529418,4.467054263565887,4.518298714144416,4.516129032258056,516,1011,1023
TFT9_Augment_TransfusionPlus,998,0.14428857715430873,0.5290581162324663,4.368737474949905,4.316561844863734,4.416506717850287,0.0,477,521,0
TFT9_Augment_ChallengerDefensiveDash,680,0.12352941176470589,0.5176470588235299,4.438235294117647,4.484276729559749,4.554216867469885,4.305147058823532,159,249,272
TFT7_Augment_Consistency,631,0.15055467511885898,0.47702060221870046,4.610142630744848,4.610142630744848,0.0,0.0,631,0,0
TFT9_Augment_ZaunEmblem,1473,0.14120841819416136,0.47589952477936187,4.604209097080782,4.567264573991034,4.748526522593319,4.494208494208491,446,509,518
TFT9_Augment_MediumEndShopping,7062,0.1635514018691586,0.5225148683092616,4.353724157462484,4.309941520467834,4.40945790080738,4.450980392156864,4104,2601,357
TFT9_Augment_CyberneticLeech1,2058,0.13994169096209916,0.5500485908649181,4.2862001943634676,4.3992848629320624,4.210891089108912,4.196172248803833,839,1010,209
TFT9_Augment_CyberneticLeech2,2576,0.13586956521739157,0.49922360248447206,4.454192546583859,4.509132420091318,4.465298142717494,4.422421524663675,438,1023,1115
TFT6_Augment_TinyTitans,1757,0.12749003984063756,0.5019920318725116,4.458736482640861,4.423687423687421,4.489339019189764,0.0,819,938,0
TFT9_Augment_GunnerSpiritOfTheDuelist,867,0.08419838523644761,0.4452133794694349,4.855824682814304,5.164999999999996,4.851963746223565,4.675595238095238,200,331,336
TFT9_Augment_ZaunTrait,1009,0.1367690782953421,0.5203171456888019,4.454905847373641,4.5890410958904155,4.349431818181822,3.8904109589041096,584,352,73
TFT9_Augment_Commander_SmallForge,6025,0.10705394190871366,0.5133609958506218,4.443153526970955,4.414595784838006,4.475052705551658,0.0,3179,2846,0
TFT9_Augment_CombatCaster,1435,0.1581881533101043,0.5547038327526126,4.198606271777004,4.3063380281690105,4.269624573378839,4.070796460176988,284,586,565
TFT9_Augment_SorcererTrait,1765,0.13541076487252113,0.5410764872521253,4.283286118980168,4.245785270629993,4.426497277676952,3.8620689655172393,1127,551,87
TFT6_Augment_GachaAddict,3086,0.1377187297472459,0.4938431626701231,4.537265068049268,4.57786561264822,4.4892280071813335,4.540311173974539,1265,1114,707
TFT9_Augment_SocialDistancing,2318,0.11044003451251069,0.5297670405522001,4.363244176013807,4.33829973707274,4.4066797642436075,4.264150943396226,1141,1018,159
TFT9_Augment_ShadowIslesEmblem2,633,0.14375987361769352,0.5624012638230651,4.140600315955769,3.9002557544757033,4.612403100775194,4.433628318584069,391,129,113
TFT9_Augment_ShadowIslesEmblem,852,0.13145539906103265,0.5446009389671369,4.244131455399059,4.146408839779011,4.244186046511628,4.39655172413793,362,258,232
TFT9_Augment_CustomerIsAlwaysRight,773,0.10219922380336352,0.48382923673997413,4.54333764553687,4.54333764553687,0.0,0.0,773,0,0
TFT9_Augment_Contagion,3034,0.12228081740276867,0.5177982860909697,4.436717205009895,4.620503597122299,4.488924050632912,4.298187808896208,556,1264,1214
TFT9_Augment_Inconsistency,1124,0.14056939501779353,0.5338078291814942,4.318505338078295,4.318505338078295,0.0,0.0,1124,0,0
TFT6_Augment_PortableForge,4130,0.10847457627118644,0.49515738498789336,4.548910411622284,4.400508044030469,4.630363036303622,4.585076708507678,1181,1515,1434
TFT9_Augment_TonsOfStats,4911,0.14172266340867437,0.5516188149053145,4.223376094481784,4.288851351351357,4.196392785571142,4.2097053726169795,1184,1996,1731
TFT9_Augment_SorcererOverchargedManafont,1781,0.14879281302638986,0.5508141493542972,4.211117349803482,4.159851301115247,4.238764044943818,4.22598870056497,538,712,531
TFT9_Augment_YoungAndWildAndFree,1367,0.15215801024140457,0.5903438185808343,4.028529626920252,4.226554267650153,3.5789473684210527,0.0,949,418,0
TFT9_Augment_TargonStaffOfFlowingWaters,718,0.11559888579387187,0.5278551532033424,4.41504178272981,4.235294117647058,4.53669724770642,4.462365591397853,221,218,279
TFT9_Augment_BuildingACollectionPlus,344,0.11337209302325583,0.5058139534883727,4.453488372093022,4.453488372093022,0.0,0.0,344,0,0
TFT9_Augment_ImpenetrableBulwark,621,0.08051529790660228,0.42673107890499185,4.809983896940423,4.628787878787879,4.704797047970478,5.050458715596332,132,271,218
TFT9_Augment_BruiserEmblem,542,0.12546125461254606,0.4944649446494465,4.520295202952031,4.421874999999996,4.499999999999998,4.646067415730333,192,172,178
TFT9_Augment_CyberneticLeech3,1481,0.15462525320729276,0.5320729237002036,4.320729237002032,4.5770308123249315,4.256198347107437,4.2196531791907566,357,605,519
TFT9_Augment_EnduranceTraining,254,0.1062992125984252,0.42913385826771655,4.791338582677165,4.791338582677165,0.0,0.0,254,0,0
TFT9_Augment_GargantuanResolve,1021,0.10577864838393732,0.4632713026444662,4.711067580803127,4.667647058823527,4.797653958944283,0.0,680,341,0
TFT9_Augment_KassadinCarry,1030,0.19514563106796112,0.5194174757281556,4.371844660194167,4.3383991894630185,5.139534883720929,0.0,987,43,0
TFT9_Augment_NoxusEmblem2,704,0.15340909090909086,0.6576704545454546,3.696022727272727,3.6537530266343827,3.798882681564246,3.6875,413,179,112
TFT7_Augment_PandorasBench,2906,0.1373021335168619,0.45251204404679957,4.703716448726769,4.701811125485132,4.675227837613918,4.947712418300649,1546,1207,153
TFT9_Augment_BruiserTrait,557,0.11310592459605032,0.49371633752244165,4.594254937163376,4.601190476190478,4.582474226804125,4.5925925925925934,336,194,27
TFT9_Augment_FreljordTrait2,869,0.08630609896432681,0.49367088607594944,4.5281933256616815,4.76470588235294,4.3785714285714255,4.4871794871794854,238,280,351
TFT9_Augment_TinyGrabBag,430,0.09767441860465119,0.4325581395348838,4.879069767441863,5.0896057347670265,4.49006622516556,0.0,279,151,0
TFT9_Augment_PreserverTrait,841,0.12841854934601665,0.5196195005945297,4.36385255648038,4.555125725338485,4.076923076923078,3.9210526315789473,517,286,38
TFT9_Augment_BuildingACollection,323,0.10526315789473695,0.501547987616099,4.39628482972136,4.39628482972136,0.0,0.0,323,0,0
TFT9_Augment_OnARoll,541,0.08317929759704251,0.40850277264325324,4.939001848428838,4.985754985754982,4.852631578947372,0.0,351,190,0
TFT9_Augment_SlayerEmblem2,229,0.07423580786026202,0.4148471615720524,5.0087336244541465,4.82051282051282,5.060240963855425,5.161764705882353,78,83,68
TFT9_Augment_AllNatural,307,0.11400651465798045,0.5016286644951135,4.462540716612376,4.156028368794329,4.812949640287769,4.2592592592592595,141,139,27
TFT9_Augment_BloodMoney,952,0.12605042016806725,0.513655462184875,4.432773109243689,4.432773109243689,0.0,0.0,952,0,0
TFT9_Augment_LesserJeweledLotus,2206,0.11060743427017229,0.45965548504079784,4.684950135992744,4.7630434782608635,4.63668122270742,4.567375886524823,920,1145,141
TFT9_Augment_RiskyMoves,1251,0.16466826538768992,0.5547561950439648,4.226219024780177,4.226219024780177,0.0,0.0,1251,0,0
TFT7_Augment_TomeOfTraits2,1994,0.11434302908726178,0.4759277833500502,4.605817452357062,4.535603715170282,4.607692307692311,4.683098591549298,646,780,568
TFT9_Augment_InfernalContract,782,0.10485933503836316,0.4910485933503835,4.540920716112532,0.0,4.532188841201722,4.544626593806932,0,233,549
TFT6_Augment_ThreesCompany,582,0.12371134020618552,0.4450171821305841,4.690721649484536,4.690721649484536,0.0,0.0,582,0,0
TFT9_Augment_ZaunEmblem2,712,0.15589887640449437,0.5674157303370793,4.2584269662921335,4.192028985507242,4.61290322580645,3.9908675799086786,276,217,219
TFT9_Augment_Formation1,3454,0.12362478286045166,0.5228720324261708,4.40938042848869,4.454219030520656,4.342190537913161,4.529166666666669,1671,1543,240
TFT9_Augment_UnleashedArcana,697,0.08321377331420364,0.4562410329985654,4.809182209469155,4.918032786885246,4.936046511627907,4.562770562770559,122,344,231
TFT9_Augment_SocialDistancing3,2710,0.129151291512915,0.5616236162361622,4.1977859778597715,4.26033057851239,4.169199594731499,4.154966887417215,968,987,755
TFT9_Augment_IndomitableWill,1138,0.10720562390158173,0.4771528998242532,4.623901581722318,4.8923766816143495,4.543209876543205,4.032000000000002,446,567,125
TFT7_Augment_LategameSpecialist,1276,0.24294670846394983,0.537617554858935,4.164576802507844,3.85243553008596,4.54152249134948,0.0,698,578,0
TFT9_Augment_WarwickCarry,1654,0.19347037484885113,0.5888754534461904,4.020556227327682,3.986460348162483,4.533980582524272,0.0,1551,103,0
TFT9_Augment_PreserverEmblem,960,0.109375,0.4406250000000001,4.755208333333331,4.80515759312321,4.68923076923077,4.769230769230768,349,325,286
TFT9_Augment_DeadeyeTrait,973,0.0811921891058581,0.5159301130524148,4.491264131551899,4.495901639344272,4.458937198067633,4.647887323943665,488,414,71
TFT9_Augment_Commander_SmallForgePlus,945,0.09735449735449736,0.5301587301587305,4.432804232804227,0.0,4.379367720465893,4.526162790697675,0,601,344
TFT9_Augment_PhreakyFridayPlus,1324,0.11178247734138969,0.5385196374622351,4.278700906344402,4.187096774193547,4.32348367029549,4.277628032345012,310,643,371
TFT9_Augment_IoniaSentinelsSpirit,783,0.13282247765006377,0.5083014048531292,4.427841634738183,4.139194139194136,4.591760299625467,4.572016460905352,273,267,243
TFT9_Augment_BastionEmblem,504,0.15476190476190477,0.47817460317460314,4.595238095238091,5.116071428571428,4.710982658959541,4.237442922374427,112,173,219
TFT9_Augment_PandorasRadiantBox,1160,0.10431034482758615,0.45431034482758603,4.768965517241383,4.807881773399016,4.769565217391302,4.714285714285711,406,460,294
TFT9_Augment_NoxusEmblem,1020,0.1254901960784313,0.5362745098039224,4.306862745098048,4.244505494505506,4.315151515151515,4.368098159509196,364,330,326
TFT9_Augment_IoniaEmblem2,537,0.14152700186219733,0.4729981378026071,4.512104283053995,4.8434782608695635,4.331460674157307,4.170542635658914,230,178,129
TFT9_Augment_TacticiansTools,1335,0.09887640449438198,0.45767790262172287,4.767041198501879,4.90909090909091,4.80614203454894,4.592074592074596,385,521,429
TFT9_Augment_RedBuff,2334,0.11525278491859468,0.5119965724078819,4.450299914310197,4.5904842820730645,4.285857572718158,4.443750000000003,1177,997,160
TFT9_Augment_BastionTrait,469,0.1215351812366738,0.4456289978678038,4.767590618336887,4.892376681614354,4.678048780487805,4.536585365853658,223,205,41
TFT9_Augment_ChallengerEmblem2,689,0.0769230769230769,0.4847605224963715,4.59796806966618,4.5921985815602815,4.47286821705426,4.825503355704701,282,258,149
TFT6_Augment_Recombobulator,999,0.1251251251251251,0.4674674674674675,4.6546546546546494,4.492581602373885,4.690941385435168,4.999999999999999,337,563,99
TFT9_Augment_StrategistTacticalSuperiority,436,0.08486238532110092,0.49311926605504586,4.587155963302749,4.548076923076923,4.583333333333333,4.611702127659572,104,144,188
TFT7_Augment_LuckyGloves,479,0.04801670146137787,0.41962421711899783,4.96242171189979,4.849673202614379,5.173913043478261,4.8606060606060595,153,161,165
TFT9_Augment_LearningFromExperience2,420,0.11428571428571428,0.4642857142857142,4.757142857142864,4.757142857142864,0.0,0.0,420,0,0
TFT9_Augment_KnowledgeIsPower,2092,0.10372848948374755,0.4765774378585086,4.58891013384321,0.0,4.582183186951072,4.5930501930502015,0,797,1295
TFT9_Augment_PiltoverTrait2,287,0.13240418118466893,0.4773519163763063,4.620209059233449,4.534782608695651,5.074999999999999,4.705882352941177,230,40,17
TFT9_Augment_ArmorcladEmblem2,396,0.12626262626262627,0.5732323232323235,4.123737373737375,4.261744966442953,4.066666666666663,4.008928571428572,149,135,112
TFT9_Augment_JustKeepRolling,1008,0.11408730158730158,0.42261904761904756,4.900793650793655,4.858657243816255,4.954751131221725,0.0,566,442,0
TFT9_Augment_Harmacist2,2469,0.11583637100040495,0.49129202106115855,4.554070473876064,4.871359223300974,4.5034756703078465,4.478095238095229,412,1007,1050
TFT9_Augment_TiniestTitan,730,0.09863013698630141,0.4575342465753425,4.713698630136984,4.708333333333341,4.722627737226278,0.0,456,274,0
TFT9_Augment_TopDeckPlus,488,0.11885245901639346,0.4282786885245901,4.840163934426228,4.9394904458598745,4.660919540229885,0.0,314,174,0
TFT9_Augment_NotToday,885,0.11864406779661023,0.4745762711864407,4.624858757062142,4.470046082949307,4.791788856304989,4.553516819571863,217,341,327
TFT6_Augment_SlowAndSteady,296,0.10810810810810813,0.4864864864864865,4.658783783783784,4.658783783783784,0.0,0.0,296,0,0
TFT9_Augment_TargonTrait2,382,0.08900523560209428,0.4581151832460732,4.662303664921465,4.674074074074075,4.558333333333332,4.74803149606299,135,120,127
TFT9_Augment_WanderingTrainer,536,0.09888059701492537,0.45522388059701496,4.6492537313432845,4.6492537313432845,0.0,0.0,536,0,0
TFT9_Augment_ArmyBuilding,2058,0.1156462585034014,0.48639455782312924,4.581146744412054,4.554205607476641,4.61032388663968,0.0,1070,988,0
TFT9_Augment_NoxusTotalDomination,1311,0.16552250190694126,0.5774218154080859,4.058733790999232,4.25102880658436,3.777777777777777,4.100233100233101,486,396,429
TFT9_Augment_IoniaEmblem,1108,0.1398916967509024,0.5117328519855582,4.420577617328513,4.283422459893046,4.438287153652394,4.551928783382788,374,397,337
TFT9_Augment_StarsAreBorn,495,0.092929292929293,0.4626262626262626,4.755555555555562,4.755555555555562,0.0,0.0,495,0,0
TFT9_Augment_InvokerLovingInvocation,1027,0.12852969814995127,0.5131450827653355,4.4284323271665,4.54360465116279,4.330434782608696,4.411242603550295,344,345,338
TFT9_Augment_Infusion,1843,0.11882799782962564,0.5002712967986973,4.504069451980459,4.530201342281877,4.479768786127169,4.511363636363635,447,692,704
TFT9_Augment_EnshroudingStillness,874,0.13043478260869565,0.5217391304347827,4.372997711670482,0.0,4.366279069767445,4.377358490566042,0,344,530
TFT9_Augment_PumpingUp2,385,0.12467532467532466,0.48311688311688317,4.6025974025973975,4.6025974025973975,0.0,0.0,385,0,0
TFT9_Augment_Commander_LargeForgePlus,3109,0.10517851399163718,0.5210678674815062,4.392730781601793,0.0,4.3247927656367695,4.443322109988783,0,1327,1782
TFT7_Augment_AFK,558,0.12007168458781367,0.48566308243727596,4.637992831541215,4.637992831541215,0.0,0.0,558,0,0
TFT9_Augment_SilverSpoon,854,0.11241217798594841,0.4847775175644028,4.48126463700234,4.48126463700234,0.0,0.0,854,0,0
TFT9_Augment_Harmacist3,1604,0.1371571072319204,0.49563591022443876,4.470074812967581,4.927027027027028,4.30118694362018,4.371428571428571,370,674,560
TFT9_Augment_ItPaysToLearnIII,2798,0.17619728377412386,0.5278770550393148,4.311293781272337,0.0,4.31612162937464,4.303317535545021,0,1743,1055
TFT9_Augment_CyberneticBulk1,1018,0.13555992141453826,0.5569744597249523,4.227897838899811,4.315668202764975,4.256619144602849,3.6666666666666665,434,491,93
TFT9_Augment_FinalGrabBagPlusPlus,387,0.08527131782945736,0.49612403100775193,4.666666666666669,0.0,4.765217391304348,4.5222929936305745,0,230,157
TFT9_Augment_BlindingSpeed,612,0.058823529411764705,0.4133986928104576,4.978758169934644,5.0,4.9466192170818495,5.009478672985784,120,281,211
TFT6_Augment_RichGetRicherPlus,810,0.16172839506172818,0.4518518518518518,4.643209876543208,4.635820895522388,4.648421052631579,0.0,335,475,0
TFT9_Augment_FreljordTrait,2269,0.0978404583516968,0.5271044513001308,4.410753635962979,4.703092783505155,4.257437070938212,4.402197802197809,485,874,910
TFT9_Augment_PiltoverTrait,474,0.15611814345991548,0.46413502109704663,4.687763713080173,4.439473684210525,5.39655172413793,6.166666666666667,380,58,36
TFT9_Augment_OldMansWalkingStick,3344,0.1456339712918667,0.5331937799043037,4.302332535885159,4.369473684210517,4.2643957826439545,4.287683031869076,950,1233,1161
TFT9_Augment_Shoplifting,459,0.16775599128540314,0.5032679738562092,4.511982570806098,4.167567567567566,4.744525547445256,0.0,185,274,0
TFT7_Augment_LastStand,828,0.19323671497584535,0.4927536231884068,4.508454106280194,4.2947019867549665,4.631178707224336,0.0,302,526,0
TFT9_Augment_FinalGrabBagPlus,1267,0.10260457774269927,0.44988161010260447,4.756906077348056,0.0,4.8171052631579,4.666666666666666,0,760,507
TFT9_Augment_ShurimaEmblem,707,0.12588401697312587,0.48656294200848654,4.561527581329561,4.339901477832514,4.543396226415096,4.769874476987444,203,265,239
TFT9_Augment_MarksmanTrait,674,0.09792284866468846,0.45548961424332346,4.732937685459941,4.926430517711172,4.5,4.511111111111111,367,262,45
TFT9_Augment_RollTheDice,971,0.10607621009268794,0.5221421215242019,4.3511843460350175,4.346153846153841,4.25966850828729,4.468013468013466,312,362,297
TFT9_Augment_TopDeck,352,0.08522727272727275,0.38636363636363613,5.0454545454545485,5.181034482758623,4.78333333333333,0.0,232,120,0
TFT9_Augment_MarksmanEmblem2,499,0.10020040080160322,0.4849699398797595,4.595190380761523,4.5202312138728304,4.566878980891722,4.6982248520710055,173,157,169
TFT9_Augment_OneTwosThree,281,0.13523131672597874,0.5160142348754451,4.281138790035589,4.281138790035589,0.0,0.0,281,0,0
TFT6_Augment_Twins3,950,0.10736842105263161,0.5168421052631578,4.484210526315791,4.578282828282836,4.012658227848101,0.0,792,158,0
TFT9_Augment_TwoHealthy,541,0.1423290203327171,0.541589648798521,4.271719038817005,4.38860103626943,3.9806451612903233,0.0,386,155,0
TFT9_Augment_ShurimaShurimasLegacy,800,0.10875,0.5787500000000005,4.19,4.157434402332365,4.284584980237158,4.127450980392158,343,253,204
TFT7_Augment_SacrificialPact,454,0.12995594713656392,0.5374449339207049,4.403083700440532,4.403083700440532,0.0,0.0,454,0,0
TFT9_Augment_GiftsFromAbove,280,0.07142857142857151,0.43571428571428567,4.9750000000000005,4.300000000000001,5.095238095238095,5.078947368421054,40,126,114
TFT9_Augment_VoidEmblem2,520,0.10000000000000003,0.6057692307692301,4.086538461538458,4.229508196721313,3.7880794701986753,4.109375,305,151,64
TFT6_Augment_OneTwoFive,317,0.1261829652996846,0.47318611987381703,4.583596214511038,0.0,4.610738255033557,4.559523809523811,0,149,168
TFT9_Augment_SettTheBoss,627,0.09569377990430615,0.5007974481658694,4.494417862838914,4.453686200378069,4.714285714285713,0.0,529,98,0
TFT9_Augment_Harmacist1,1726,0.11297798377752027,0.5104287369640799,4.512166859791425,4.664265129682998,4.44073647871116,4.245398773006135,694,869,163
TFT9_Augment_FinalGrabBag,99,0.1111111111111111,0.4141414141414142,4.7979797979797985,0.0,5.096774193548387,4.297297297297297,0,62,37
TFT9_Augment_WhatDoesntKillYou,273,0.12454212454212454,0.40659340659340654,4.904761904761906,4.904761904761906,0.0,0.0,273,0,0
TFT9_Augment_OverwhelmingForce,723,0.048409405255878286,0.43706777316735823,4.915629322268326,4.839285714285715,4.878962536023056,5.038461538461538,168,347,208
TFT9_Augment_Dedication,1345,0.10631970260223053,0.4371747211895909,4.809665427509294,4.812997347480103,4.805414551607448,0.0,754,591,0
TFT9_Augment_AirspeedVelocity2,188,0.12234042553191489,0.47872340425531923,4.531914893617022,4.661538461538462,4.540983606557377,4.387096774193546,65,61,62
TFT6_Augment_TomeOfTraits1,1191,0.08732157850545762,0.4433249370277079,4.860621326616285,4.83834048640916,4.892276422764227,0.0,699,492,0
TFT9_Augment_HealingOrbsI,2298,0.13272410791993014,0.5221932114882509,4.368581375108791,4.423597678916827,4.356203007518791,4.149999999999995,1034,1064,200
TFT9_Augment_DangerousToGoAlone,353,0.11331444759206803,0.4985835694050994,4.526912181303119,4.139534883720929,4.568000000000001,4.725352112676056,86,125,142
TFT9_Augment_HedgeFundPlusPlus,1045,0.13971291866028704,0.48421052631578937,4.5473684210526315,0.0,4.551558752997597,4.5445859872611525,0,417,628
TFT9_Augment_CuttingCorners,168,0.1130952380952381,0.46428571428571447,4.690476190476191,4.690476190476191,0.0,0.0,168,0,0
TFT9_Augment_MissedConnections,329,0.13069908814589665,0.45592705167173253,4.665653495440735,4.750000000000001,4.620853080568716,4.7,108,211,10
TFT9_Augment_BruiserEmblem2,326,0.13803680981595084,0.5337423312883435,4.257668711656439,4.348684210526318,4.052083333333333,4.333333333333331,152,96,78
TFT6_Augment_TheGoldenEgg,536,0.2332089552238806,0.5671641791044779,3.91044776119403,0.0,3.793103448275862,3.9668508287292803,0,174,362
TFT9_Augment_HighEndSector,113,0.1238938053097346,0.5398230088495575,4.300884955752214,4.300884955752214,0.0,0.0,113,0,0
TFT9_Augment_PreserverEmblem2,606,0.13861386138613857,0.5379537953795378,4.234323432343235,4.197278911564623,4.097142857142859,4.489051094890513,294,175,137
TFT9_Augment_DeadeyeEmblem,1015,0.09162561576354672,0.5044334975369447,4.490640394088676,4.4725738396624495,4.4950248756218905,4.4973404255319105,237,402,376
TFT9_Augment_ThreesACrowd,408,0.16176470588235298,0.5465686274509808,4.134803921568628,4.3265306122448965,3.948717948717951,4.298780487804879,49,195,164
TFT9_Augment_ReturnOnInvestment,1657,0.1098370549185275,0.45745322872661437,4.7489438744719275,4.9017857142857135,4.757433489827866,4.665689149560119,336,639,682
TFT9_Augment_ZaunChemicallyEnhancedBulk,677,0.12703101920236345,0.4711964549483015,4.567208271787297,4.653333333333333,4.6072874493927145,4.485714285714284,150,247,280
TFT9_Augment_StrategistTrait2,221,0.081447963800905,0.42081447963800905,4.859728506787333,5.220338983050848,4.7714285714285705,4.695652173913046,59,70,92
TFT6_Augment_Twins2,884,0.10067873303167421,0.4830316742081447,4.625565610859726,4.636111111111104,4.579268292682927,0.0,720,164,0
TFT9_Augment_WhatTheForge,307,0.12052117263843645,0.4136807817589576,4.95114006514658,5.078125000000001,4.93006993006993,4.899999999999999,64,143,100
TFT9_Augment_ArmorcladEmblem,610,0.13278688524590163,0.5245901639344264,4.3967213114754085,4.429906542056075,4.64088397790055,4.248447204968947,107,181,322
TFT9_Augment_MoneyHealsAllWounds,434,0.14976958525345618,0.4262672811059907,4.80414746543779,4.7849462365591435,4.818548387096774,0.0,186,248,0
TFT9_Augment_BuildingACollectionPlusPlus,442,0.08144796380090495,0.48190045248868774,4.667420814479634,4.689189189189191,4.645454545454546,0.0,222,220,0
TFT9_Augment_Commander_Experience1,1649,0.10794420861127957,0.4354154032747119,4.88174651303821,4.911169744942824,4.81640625,0.0,1137,512,0
TFT6_Augment_PandorasItems,2153,0.10729215048769163,0.4621458430097538,4.699489084997688,4.619284294234589,4.749755620723369,4.935483870967741,1006,1023,124
TFT9_Augment_TargonTrait,702,0.08547008547008546,0.4088319088319089,4.884615384615387,5.177304964539009,4.995633187772924,4.683734939759035,141,229,332
TFT9_Augment_ShurimaEmblem2,459,0.13507625272331153,0.6013071895424842,4.0936819172113275,4.0213675213675195,4.176923076923076,4.157894736842106,234,130,95
TFT9_Augment_DravenSpoilsOfWar,286,0.11888111888111894,0.5000000000000001,4.503496503496504,4.503496503496504,0.0,0.0,286,0,0
TFT9_Augment_ChallengerTrait,945,0.09841269841269845,0.4857142857142856,4.577777777777779,4.595289079229116,4.493887530562347,4.956521739130434,467,409,69
TFT9_Augment_ShadowIslesHauntedShell,338,0.11242603550295859,0.4408284023668639,4.642011834319527,5.443037974683544,4.300751879699247,4.499999999999998,79,133,126
TFT9_Augment_LongTimeCrafting,378,0.14285714285714302,0.5,4.428571428571431,4.428571428571431,0.0,0.0,378,0,0
TFT9_Augment_BardPlaybook3,277,0.10108303249097472,0.4657039711191335,4.729241877256317,4.729241877256317,0.0,0.0,277,0,0
TFT9_Augment_BastionEmblem2,308,0.13961038961038957,0.4545454545454545,4.600649350649351,4.5673076923076925,4.5390625,4.75,104,128,76
TFT9_Augment_FinalReserves,588,0.24659863945578225,0.4795918367346941,4.551020408163263,4.483108108108107,4.619863013698631,0.0,296,292,0
TFT9_Augment_BardPlaybook1,134,0.05970149253731343,0.4029850746268656,4.9850746268656705,4.9850746268656705,0.0,0.0,134,0,0
TFT9_Augment_AllNatural2,318,0.10062893081761007,0.5000000000000002,4.537735849056606,4.435897435897436,4.666666666666669,4.441176470588231,78,138,102
TFT9_Augment_BranchingOut,1238,0.10823909531502421,0.4442649434571888,4.797253634894987,4.712751677852353,4.924949290060851,0.0,745,493,0
TFT9_Augment_Commander_TinyPower2,117,0.07692307692307696,0.4017094017094017,5.017094017094015,5.351351351351352,4.441860465116281,0.0,74,43,0
TFT9_Augment_AirspeedVelocity1,140,0.10714285714285714,0.4357142857142858,4.835714285714285,5.013513513513514,4.45,6.5,74,60,6
TFT9_Augment_ShadowIslesTrait,508,0.1318897637795277,0.4586614173228346,4.6476377952755925,4.727272727272732,4.4875000000000025,4.655172413793103,319,160,29
TFT6_Augment_Traitless2,162,0.0925925925925926,0.3518518518518517,5.222222222222221,5.080882352941175,5.961538461538462,0.0,136,26,0
TFT9_Augment_BronzeTicket,988,0.1174089068825911,0.4807692307692308,4.596153846153845,4.635103926096999,4.544897959183672,4.723076923076923,433,490,65
TFT9_Augment_YordleUnstableYordlePortal,223,0.13901345291479827,0.4753363228699552,4.645739910313897,4.6712962962963,3.857142857142857,0.0,216,7,0
TFT9_Augment_VoidEmblem,818,0.0941320293398533,0.5244498777506106,4.347188264058675,4.415000000000007,4.279166666666672,4.286516853932581,400,240,178
TFT9_Augment_Transfusion,938,0.12046908315565014,0.48187633262260177,4.634328358208955,4.649253731343275,4.623134328358204,0.0,402,536,0
TFT7_Augment_BirthdayPresents,217,0.1797235023041474,0.5668202764976955,4.188940092165897,4.188940092165897,0.0,0.0,217,0,0
TFT9_Augment_BardPlaybook2,244,0.11065573770491817,0.49999999999999994,4.53688524590164,4.53688524590164,0.0,0.0,244,0,0
TFT9_Augment_HedgeFundPlus,980,0.16326530612244897,0.5224489795918361,4.408163265306122,4.055248618784527,4.846681922196801,0.0,543,437,0
TFT9_Augment_SilverTicket,1022,0.12133072407045012,0.461839530332681,4.641878669275922,4.639730639730641,4.644859813084105,0.0,594,428,0
TFT9_Augment_Commander_TinyPower1,81,0.1111111111111111,0.5555555555555556,4.382716049382718,4.431372549019609,4.3,0.0,51,30,0
TFT8_Augment_SalvageBinPlus,427,0.12177985948477757,0.4402810304449648,4.772833723653397,5.024390243902439,4.807106598984775,4.6825396825396775,41,197,189
TFT6_Augment_MetabolicAccelerator,206,0.1359223300970874,0.48543689320388345,4.742718446601943,4.742718446601943,0.0,0.0,206,0,0
TFT9_Augment_BruiserTitanicStrength,475,0.1473684210526314,0.4905263157894737,4.492631578947373,4.515527950310558,4.355828220858895,4.615894039735102,161,163,151
TFT9_Augment_IronAssets,478,0.10669456066945608,0.49163179916318006,4.577405857740585,4.577405857740585,0.0,0.0,478,0,0
TFT9_Augment_DravenSpoilsOfWar2,263,0.15209125475285176,0.4942965779467682,4.49429657794677,4.49429657794677,0.0,0.0,263,0,0
TFT9_Augment_SlayerSlayersResolve,304,0.13157894736842113,0.42105263157894735,4.8289473684210495,4.626666666666667,4.8316831683168315,4.945312499999999,75,101,128
TFT9_Augment_Commander_Money3,344,0.1395348837209303,0.4244186046511629,4.837209302325579,0.0,4.977064220183485,4.595238095238091,0,218,126
TFT7_Augment_LivingForge,145,0.08275862068965517,0.45517241379310347,4.758620689655173,4.758620689655173,0.0,0.0,145,0,0
TFT9_Augment_JuggernautCantStopMe,506,0.17984189723320151,0.5612648221343872,4.126482213438728,4.627906976744184,4.299999999999996,3.9,86,130,290
TFT9_Augment_Commander_RollingForDays2,1406,0.10384068278805117,0.43954480796586043,4.832859174964434,0.0,4.878318584070801,4.7509960159362565,0,904,502
TFT9_Augment_PumpingUp,195,0.07692307692307696,0.4666666666666667,4.835897435897437,4.835897435897437,0.0,0.0,195,0,0
TFT6_Augment_HyperRoll,146,0.06164383561643835,0.4246575342465753,4.986301369863013,4.986301369863013,0.0,0.0,146,0,0
TFT9_Augment_PiltoverShimmeringInventors,145,0.13793103448275862,0.4275862068965517,4.793103448275863,4.574074074074073,5.478260869565218,5.357142857142857,108,23,14
TFT6_Augment_BinaryAirdrop,242,0.09090909090909094,0.4669421487603306,4.789256198347105,4.966666666666665,4.645161290322583,4.820224719101123,60,93,89
TFT7_Augment_ScopedWeapons1,978,0.12269938650306757,0.4723926380368098,4.615541922290399,4.748633879781419,4.6147959183673475,4.555831265508684,183,392,403
TFT9_Augment_EarlyEducation,300,0.12999999999999998,0.47,4.763333333333332,4.763333333333332,0.0,0.0,300,0,0
TFT9_Augment_SlayerEmblem,479,0.12108559498956159,0.44676409185803767,4.770354906054278,4.990566037735849,4.700598802395211,4.71359223300971,106,167,206
TFT9_Augment_ImpromptuInventions,72,0.06944444444444445,0.41666666666666663,4.930555555555555,4.930555555555555,0.0,0.0,72,0,0
TFT9_Augment_MulticasterPracticeMakesPerfect,303,0.07260726072607265,0.3960396039603958,5.095709570957096,5.246153846153846,5.086021505376345,5.0344827586206895,65,93,145
TFT7_Augment_CursedCrown,338,0.15680473372781079,0.4230769230769229,4.899408284023669,4.413333333333333,4.962962962962964,5.090322580645162,75,108,155
TFT9_Augment_Commander_RollingForDays3,446,0.10762331838565023,0.4372197309417042,4.831838565022425,0.0,4.859315589353612,4.792349726775953,0,263,183
TFT9_Augment_VoidRapidIncubation,613,0.1288743882544861,0.5448613376835236,4.230016313213701,4.127753303964755,4.1472081218274095,4.439153439153436,227,197,189
TFT9_Augment_Commander_Ascension,668,0.07934131736526956,0.4221556886227545,4.8727544910179645,0.0,4.8057142857142825,5.118881118881121,0,525,143
TFT9_Augment_PumpingUp3,220,0.10454545454545451,0.4227272727272728,4.918181818181817,4.918181818181817,0.0,0.0,220,0,0
TFT9_Augment_Commander_Experience3,2177,0.12907671107028007,0.4598070739549841,4.704180064308681,4.746136865342165,4.495890410958906,0.0,1812,365,0
TFT9_Augment_ItPaysToLearn,465,0.124731182795699,0.44086021505376344,4.858064516129029,0.0,4.983050847457628,4.45945945945946,0,354,111
TFT9_Augment_Commander_FinalAscension,208,0.10096153846153846,0.4423076923076923,4.668269230769233,0.0,4.858108108108109,4.2,0,148,60
TFT9_Augment_ItemGrabBagPlus,361,0.10803324099722995,0.41828254847645424,4.808864265927978,4.817241379310344,4.774647887323942,0.0,290,71,0
TFT9_Augment_Commander_TeamingUp2,375,0.08000000000000004,0.4026666666666667,4.9653333333333265,0.0,4.909677419354835,5.23076923076923,0,310,65
TFT9_Augment_PhreakyFridayHR,33,0.12121212121212122,0.5757575757575758,4.242424242424242,4.242424242424242,0.0,0.0,33,0,0
TFT9_Augment_TopDeckPlusPlus,167,0.05389221556886228,0.27544910179640725,5.604790419161676,5.840707964601768,5.11111111111111,0.0,113,54,0
TFT9_Augment_Commander_PartialAscension,57,0.10526315789473684,0.3684210526315789,5.157894736842105,0.0,5.021739130434782,5.7272727272727275,0,46,11
TFT9_Augment_GottaGoFastIII,113,0.10619469026548672,0.4778761061946903,4.743362831858409,0.0,4.823529411764706,4.677419354838711,0,51,62
TFT9_Augment_HedgeFund,281,0.16725978647686826,0.508896797153025,4.459074733096083,4.459074733096083,0.0,0.0,281,0,0
TFT9_Augment_MulticasterTrait,224,0.06696428571428578,0.42410714285714285,5.058035714285708,5.129032258064516,5.557142857142857,4.630434782608695,62,70,92
TFT9_Augment_DemaciaPetriciteShackles,320,0.18437499999999996,0.4781250000000001,4.5500000000000025,4.266666666666666,4.537815126050419,4.792792792792791,90,119,111
TFT6_Augment_TradeSector,484,0.13016528925619825,0.4793388429752066,4.566115702479339,4.566115702479339,0.0,0.0,484,0,0
TFT9_Augment_BattleReadyIII,122,0.11475409836065571,0.45081967213114754,4.811475409836064,5.148148148148148,4.146341463414634,0.0,81,41,0
TFT9_Augment_BalancedBudget3,273,0.11355311355311358,0.35531135531135544,5.197802197802201,5.18009478672986,5.258064516129032,0.0,211,62,0
TFT9_Augment_RogueTrait,102,0.0588235294117647,0.3431372549019609,5.18627450980392,5.196078431372549,5.075,5.545454545454546,51,40,11
TFT9_Augment_Commander_WellEarnedComforts3,35,0.11428571428571428,0.4,5.057142857142857,0.0,5.08695652173913,5.0,0,23,12
TFT9_Augment_ArmorcladTrait,401,0.10473815461346639,0.5062344139650877,4.5211970074812955,4.83333333333333,4.26923076923077,4.438596491228071,162,182,57
TFT9_Augment_Sleightofhand,171,0.0760233918128655,0.4093567251461988,4.807017543859652,4.896907216494843,4.68918918918919,0.0,97,74,0
TFT9_Augment_SlayerTrait,305,0.11803278688524592,0.4852459016393443,4.744262295081967,5.208588957055216,4.208695652173916,4.222222222222222,163,115,27
TFT9_Augment_BattleReadyII,241,0.1078838174273859,0.5020746887966804,4.4481327800829895,4.628205128205129,4.117647058823529,0.0,156,85,0
TFT9_Augment_RogueEmblem,101,0.1188118811881188,0.44554455445544555,4.8316831683168315,4.769230769230768,4.925,4.771428571428571,26,40,35
TFT6_Augment_SalvageBin,111,0.0630630630630631,0.3963963963963964,5.018018018018017,5.018018018018017,0.0,0.0,111,0,0
TFT9_Augment_RogueVampiricBlades,187,0.11764705882352941,0.46524064171123,4.443850267379681,4.78787878787879,3.8225806451612905,4.711864406779663,66,62,59
TFT9_Augment_Commander_RollingForDays,107,0.11214953271028037,0.49532710280373843,4.467289719626169,0.0,4.512500000000001,4.333333333333335,0,80,27
TFT9_Augment_DemaciaEmblem,217,0.08755760368663595,0.4101382488479264,4.801843317972348,4.852459016393443,4.640000000000001,4.913580246913582,61,75,81
TFT9_Augment_RogueEmblem2,99,0.12121212121212124,0.5252525252525253,4.303030303030301,4.3076923076923075,4.342105263157895,4.2272727272727275,39,38,22
TFT9_Augment_Commander_Money2,1110,0.10450450450450458,0.40270270270270275,5.002702702702701,0.0,5.038258575197891,4.926136363636361,0,758,352
TFT9_Augment_GalioCarry,176,0.10795454545454546,0.45454545454545436,4.613636363636363,4.472049689440993,6.133333333333334,0.0,161,15,0
TFT9_Augment_SwainCarry,175,0.1314285714285714,0.5199999999999998,4.565714285714284,4.522012578616351,4.999999999999999,0.0,159,16,0
TFT9_Augment_MulticasterTrait2,170,0.06470588235294114,0.4235294117647059,5.005882352941177,5.229885057471264,4.8478260869565215,4.675675675675675,87,46,37
TFT9_Augment_Commander_TinyPower3,54,0.07407407407407404,0.48148148148148145,4.555555555555555,4.628571428571428,4.421052631578948,0.0,35,19,0
TFT9_Augment_BalancedBudget2,465,0.10752688172043008,0.3956989247311829,4.956989247311826,4.936111111111108,5.028571428571427,0.0,360,105,0
TFT9_Augment_BalancedBudget,272,0.12867647058823525,0.4558823529411764,4.70955882352941,4.839449541284408,4.185185185185185,0.0,218,54,0
TFT9_Augment_DemaciaEmblem2,95,0.08421052631578947,0.4842105263157895,4.810526315789474,5.171428571428572,4.896551724137931,4.32258064516129,35,29,31
TFT9_Augment_PhreakyFridayPlusHR,81,0.1728395061728395,0.5061728395061729,4.382716049382718,5.4,4.216216216216216,4.410256410256411,5,37,39
TFT6_Augment_ItemGrabBag1,207,0.0869565217391305,0.3864734299516908,4.971014492753623,4.94535519125683,5.166666666666667,0.0,183,24,0
TFT9_Augment_GottaGoFastII,301,0.13289036544850497,0.4451827242524919,4.694352159468442,0.0,4.723926380368097,4.659420289855074,0,163,138
TFT9_Augment_ArmyBuildingHR,252,0.12698412698412712,0.4801587301587302,4.6111111111111125,4.61,4.611842105263158,0.0,100,152,0
TFT9_Augment_DravenSpoilsOfWar3,138,0.11594202898550719,0.427536231884058,4.768115942028985,4.768115942028985,0.0,0.0,138,0,0
TFT9_Augment_Commander_WellEarnedComforts2,39,0.07692307692307693,0.48717948717948717,4.5897435897435885,0.0,5.130434782608695,3.8125,0,23,16
TFT9_Augment_BattleReady,105,0.08571428571428573,0.4380952380952381,4.8571428571428585,4.743902439024388,5.260869565217392,0.0,82,23,0
TFT9_Augment_Commander_Money,63,0.07936507936507936,0.4444444444444445,5.126984126984127,0.0,5.177777777777777,5.0,0,45,18
TFT9_Augment_ItemGrabBagPlusPlus,123,0.056910569105691054,0.37398373983739835,5.170731707317073,5.175925925925927,5.133333333333334,0.0,108,15,0
TFT9_Augment_Commander_TeamingUp1,23,0.08695652173913043,0.391304347826087,5.173913043478261,0.0,5.190476190476191,5.0,0,21,2
TFT9_Augment_GottaGoFast,22,0.045454545454545456,0.5454545454545454,4.136363636363637,0.0,4.6923076923076925,3.3333333333333335,0,13,9
TFT9_Augment_Commander_TeamingUp3,69,0.028985507246376805,0.4057971014492754,5.304347826086955,0.0,5.189655172413793,5.909090909090909,0,58,11
TFT8_Augment_SalvageBinPlusHR,54,0.07407407407407404,0.37037037037037035,5.129629629629629,5.666666666666667,4.541666666666668,5.571428571428571,9,24,21
TFT9_Augment_PumpingUp3HR,24,0.125,0.5833333333333334,4.125,4.125,0.0,0.0,24,0,0
TFT9_Augment_PumpingUp2HR,29,0.10344827586206896,0.5172413793103449,4.655172413793104,4.655172413793104,0.0,0.0,29,0,0
TFT9_Augment_ACutAboveHR,77,0.22077922077922082,0.5974025974025974,3.909090909090909,3.8958333333333335,3.9310344827586206,0.0,48,29,0
TFT9_Augment_PumpingUpHR,35,0.14285714285714285,0.5142857142857142,4.457142857142857,4.457142857142857,0.0,0.0,35,0,0
TFT9_Augment_YordleUnstableYordlePortalHR,20,0.2,0.75,3.45,3.0,4.285714285714286,0.0,13,7,0
TFT9_Augment_Commander_WellEarnedComforts,9,0.0,0.2222222222222222,5.333333333333333,0.0,5.125,7.0,0,8,1
TFT6_Augment_TheGoldenEggHR,42,0.2619047619047619,0.5,3.880952380952381,0.0,0.0,3.880952380952381,0,0,42
TFT9_Augment_LongTimeCraftingHR,50,0.11999999999999998,0.4800000000000001,4.540000000000001,4.540000000000001,0.0,0.0,50,0,0
TFT6_Augment_SalvageBinHR,6,0.0,0.16666666666666666,5.166666666666667,5.166666666666667,0.0,0.0,6,0,0
TFT9_Augment_PiltoverShimmeringInventorsHR,8,0.0,0.5,5.0,4.5,5.0,8.0,6,1,1
